Random seed: 8987887772141234500
Evaluations: 540
Current Population:
	individual: [712, 3371, 2382, 0.1534524182008616, 0.0043121556222126545, 64, 86, 95, 14], fitness: (68.46666666666667, 5171634.133333334, 1.0)
	individual: [712, 3371, 2382, 0.1534524182008616, 0.0043121556222126545, 57, 86, 95, 14], fitness: (57.13333333333333, 4925085.466666667, 1.0)
	individual: [712, 3371, 2382, 0.1534524182008616, 0.0043121556222126545, 30, 86, 95, 14], fitness: (55.4, 1480584.0, 0.9333333333333333)
	individual: [712, 3371, 2382, 0.1534524182008616, 0.00848808390995763, 30, 86, 95, 14], fitness: (53.86666666666667, 1693368.4, 0.8)
	individual: [4192, 502, 591, 0.605127253279022, 0.0043121556222126545, 95, 1407, 20, 14], fitness: (32.0, 14819975.2, 0.0)
	individual: [4145, 502, 591, 0.3164878911502721, 0.0043121556222126545, 95, 365, 20, 14], fitness: (30.0, 10322282.866666667, 0.0)
	individual: [4192, 502, 591, 0.5115713133891553, 0.0043121556222126545, 95, 3084, 20, 14], fitness: (29.0, 15616235.0, 0.0)
	individual: [4192, 502, 591, 0.6410553349656734, 0.0043121556222126545, 177, 1573, 20, 4], fitness: (25.0, 13869782.666666666, 0.0)
	individual: [4192, 502, 591, 0.5190851880842552, 0.0043121556222126545, 198, 4516, 20, 4], fitness: (25.0, 14552732.133333333, 0.0)
	individual: [4192, 502, 591, 0.2727900512506674, 0.0043121556222126545, 95, 1617, 20, 14], fitness: (25.0, 13718612.666666666, 0.0)
	individual: [4192, 502, 591, 0.6410553349656734, 0.0043121556222126545, 177, 724, 20, 4], fitness: (25.0, 13326651.266666668, 0.0)
	individual: [4192, 502, 591, 0.3164878911502721, 0.0043121556222126545, 95, 693, 20, 14], fitness: (25.0, 12054492.666666666, 0.0)
	individual: [4192, 502, 591, 0.28023232958618993, 0.0043121556222126545, 95, 186, 20, 4], fitness: (25.0, 7376324.933333334, 0.0)
	individual: [4192, 502, 591, 0.5763693913998758, 0.0043121556222126545, 198, 644, 20, 4], fitness: (25.0, 13431013.6, 0.0)
	individual: [4192, 502, 591, 0.2727900512506674, 0.0043121556222126545, 95, 724, 20, 14], fitness: (25.0, 11798519.4, 0.0)
	individual: [712, 3568, 591, 0.1534524182008616, 0.0043121556222126545, 122, 86, 20, 14], fitness: (25.0, 2208738.6666666665, 0.0)
	individual: [4192, 502, 591, 0.28023232958618993, 0.0043121556222126545, 95, 414, 20, 4], fitness: (24.0, 10135228.2, 0.0)
	individual: [4192, 502, 591, 0.2947473904807677, 0.0043121556222126545, 177, 2341, 20, 4], fitness: (24.0, 14253438.6, 0.0)
	individual: [4192, 502, 591, 0.2947473904807677, 0.0043121556222126545, 177, 1160, 20, 4], fitness: (24.0, 13649815.133333333, 0.0)
	individual: [4192, 502, 591, 0.1534524182008616, 0.0043121556222126545, 198, 365, 20, 4], fitness: (24.0, 10333569.2, 0.0)
gen	nevals	c-avg  	c-std  	c-min  	c-max  	p-avg      	p-std      	p-min      	p-max      	n-avg    	n-std   	n-min	n-max   
0  	20    	4.09667	11.8662	0      	55.4   	5.22239e+06	2.73428e+06	1.21905e+06	9.50589e+06	0.0466667	0.203415	0    	0.933333
1  	20    	5.22667	11.5901	1      	55.4   	8.93057e+06	6.98373e+06	995368     	2.7627e+07 	0.0466667	0.203415	0    	0.933333
2  	20    	5.93333	11.3864	2      	55.4   	8.91022e+06	5.87349e+06	995368     	2.21872e+07	0.0466667	0.203415	0    	0.933333
3  	20    	7.15333	11.5789	2.93333	55.4   	9.77904e+06	6.39325e+06	995368     	2.28321e+07	0.0466667	0.203415	0    	0.933333
4  	20    	8.75667	11.7933	3.06667	55.4   	1.20176e+07	1.34617e+07	995368     	6.37106e+07	0.0466667	0.203415	0    	0.933333
5  	20    	10.16  	11.8595	4      	55.4   	1.30067e+07	8.39111e+06	995368     	2.98616e+07	0.0466667	0.203415	0    	0.933333
6  	20    	11.7533	11.8254	4      	55.4   	1.35806e+07	1.31865e+07	995368     	6.27054e+07	0.0466667	0.203415	0    	0.933333
7  	20    	13.74  	11.2114	5      	55.4   	1.92337e+07	2.11111e+07	1.48058e+06	8.53995e+07	0.0466667	0.203415	0    	0.933333
8  	20    	15.0267	10.7926	7      	55.4   	3.06132e+07	2.86271e+07	1.48058e+06	1.02315e+08	0.0466667	0.203415	0    	0.933333
9  	20    	17.9233	9.67931	10     	55.4   	2.22171e+07	2.01454e+07	1.48058e+06	8.53995e+07	0.0466667	0.203415	0    	0.933333
10 	20    	21.2367	8.5535 	12.2667	55.4   	1.17826e+07	5.96342e+06	1.48058e+06	2.86038e+07	0.0466667	0.203415	0    	0.933333
11 	20    	23.0167	7.61416	18     	55.4   	9.62475e+06	3.48241e+06	1.48058e+06	1.45046e+07	0.0466667	0.203415	0    	0.933333
12 	20    	26.3867	12.0869	21     	68.4667	9.37642e+06	3.54865e+06	1.48058e+06	1.37989e+07	0.0966667	0.290192	0    	1       
13 	20    	27.41  	11.8945	21.8667	68.4667	1.01837e+07	3.78848e+06	1.48058e+06	1.482e+07  	0.0966667	0.290192	0    	1       
14 	20    	28.0667	11.7385	22     	68.4667	1.04225e+07	3.76221e+06	1.48058e+06	1.482e+07  	0.0966667	0.290192	0    	1       
15 	20    	30.2   	13.0447	23     	68.4667	1.00436e+07	3.87606e+06	1.48058e+06	1.482e+07  	0.146667 	0.349349	0    	1       
16 	20    	30.3   	12.9967	23     	68.4667	1.06836e+07	4.08933e+06	1.48058e+06	1.482e+07  	0.146667 	0.349349	0    	1       
17 	20    	32.2433	13.6529	23     	68.4667	1.01037e+07	4.53181e+06	1.48058e+06	1.56162e+07	0.186667 	0.375115	0    	1       
18 	20    	32.3433	13.592 	24     	68.4667	1.02369e+07	4.60086e+06	1.48058e+06	1.56162e+07	0.186667 	0.375115	0    	1       
19 	20    	32.3433	13.592 	24     	68.4667	1.02369e+07	4.60086e+06	1.48058e+06	1.56162e+07	0.186667 	0.375115	0    	1       
20 	20    	32.3433	13.592 	24     	68.4667	1.02369e+07	4.60086e+06	1.48058e+06	1.56162e+07	0.186667 	0.375115	0    	1       
21 	20    	32.3433	13.592 	24     	68.4667	1.02369e+07	4.60086e+06	1.48058e+06	1.56162e+07	0.186667 	0.375115	0    	1       
22 	20    	32.3433	13.592 	24     	68.4667	1.02369e+07	4.60086e+06	1.48058e+06	1.56162e+07	0.186667 	0.375115	0    	1       
23 	20    	32.3433	13.592 	24     	68.4667	1.02369e+07	4.60086e+06	1.48058e+06	1.56162e+07	0.186667 	0.375115	0    	1       
24 	20    	32.3433	13.592 	24     	68.4667	1.02369e+07	4.60086e+06	1.48058e+06	1.56162e+07	0.186667 	0.375115	0    	1       
25 	20    	32.3433	13.592 	24     	68.4667	1.02369e+07	4.60086e+06	1.48058e+06	1.56162e+07	0.186667 	0.375115	0    	1       
26 	20    	32.3433	13.592 	24     	68.4667	1.02369e+07	4.60086e+06	1.48058e+06	1.56162e+07	0.186667 	0.375115	0    	1       