Random seed: 6454930763196756385
Start time: 2017-12-07 16:17:47.033295
End time: 2017-12-08 07:29:50.161325
Total GA time: 15:12:03.128030
Evaluations: 660
Current Population:
	individual: [4557, 1160, 3043, 0.3915268315914866, 0.11562401248980339, 562, 2, 33, 9], fitness: (41.8, 53377594.06666667, 1.0)
	individual: [3766, 1160, 3043, 0.34496654716009484, 0.11491900126035245, 562, 2, 33, 9], fitness: (40.333333333333336, 54002076.2, 1.0)
	individual: [3766, 1160, 3043, 0.1850776612778187, 0.10884767626456693, 134, 8, 33, 16], fitness: (37.266666666666666, 13799551.0, 1.0)
	individual: [3766, 1160, 2272, 0.3625395926650563, 0.11491900126035245, 562, 2, 33, 9], fitness: (28.666666666666668, 53723489.6, 0.9333333333333333)
	individual: [4557, 3025, 3043, 0.1850776612778187, 0.06554150922508471, 616, 4, 33, 6], fitness: (26.4, 43846429.53333333, 0.3333333333333333)
	individual: [3766, 1160, 2272, 0.1850776612778187, 0.11562401248980339, 562, 2, 33, 9], fitness: (19.466666666666665, 50180407.53333333, 1.0)
	individual: [3766, 1160, 3043, 0.1850776612778187, 0.11562401248980339, 1138, 2, 33, 9], fitness: (18.066666666666666, 107153361.6, 0.26666666666666666)
	individual: [4557, 3025, 3043, 0.3386941095106806, 0.06554150922508471, 562, 2, 33, 9], fitness: (14.266666666666667, 41152104.266666666, 1.0)
	individual: [3766, 1160, 3043, 0.1850776612778187, 0.10884767626456693, 134, 4, 33, 16], fitness: (13.933333333333334, 20805390.333333332, 0.9333333333333333)
	individual: [4557, 943, 3043, 0.1850776612778187, 0.10884767626456693, 613, 4, 33, 6], fitness: (11.066666666666666, 54689602.333333336, 0.0)
	individual: [4557, 4144, 3043, 0.1850776612778187, 0.06554150922508471, 2391, 17, 193, 9], fitness: (9.266666666666667, 19224939.866666667, 0.0)
	individual: [4557, 943, 3043, 0.1850776612778187, 0.10884767626456693, 281, 8, 33, 6], fitness: (9.2, 15043855.466666667, 0.0)
	individual: [4557, 1160, 3043, 0.3415571905547438, 0.06554150922508471, 2448, 2, 33, 18], fitness: (8.466666666666667, 19314585.2, 0.0)
	individual: [3766, 3025, 3043, 0.1850776612778187, 0.06554150922508471, 283, 15, 33, 9], fitness: (8.4, 10263108.733333332, 0.0)
	individual: [4154, 3025, 3043, 0.1850776612778187, 0.06554150922508471, 2579, 17, 33, 4], fitness: (8.2, 22903509.466666665, 0.0)
	individual: [4557, 4144, 2272, 0.5655526103032726, 0.10884767626456693, 1252, 2, 59, 18], fitness: (8.066666666666666, 27992970.4, 0.0)
	individual: [4154, 4144, 2272, 0.3784975841818804, 0.11562401248980339, 1261, 2, 33, 18], fitness: (7.666666666666667, 39871515.666666664, 0.0)
	individual: [3766, 3025, 3043, 0.1850776612778187, 0.06554150922508471, 513, 15, 33, 6], fitness: (7.6, 8797727.333333334, 0.0)
	individual: [3766, 3025, 2272, 0.1850776612778187, 0.06554150922508471, 2257, 2, 33, 18], fitness: (7.466666666666667, 78300300.33333333, 0.0)
	individual: [4557, 943, 3043, 0.3386941095106806, 0.06554150922508471, 1113, 4, 33, 9], fitness: (7.4, 9540700.0, 0.0)
gen	nevals	c-avg  	c-std   	c-min  	c-max  	p-avg      	p-std      	p-min      	p-max      	n-avg    	n-std   	n-min	n-max   
0  	20    	1.21   	1.024   	0      	2.93333	3.01604e+07	1.09494e+08	1.80189e+06	5.07154e+08	0        	0       	0    	0       
1  	20    	1.64333	0.727942	0.6    	2.93333	3.14039e+07	1.00125e+08	984574     	4.66379e+08	0        	0       	0    	0       
2  	20    	2.04   	0.502615	1      	2.93333	9.88423e+06	9.09648e+06	1.78494e+06	3.4589e+07 	0        	0       	0    	0       
3  	20    	2.24333	0.338149	2      	2.93333	1.38383e+07	1.52786e+07	128556     	6.41806e+07	0        	0       	0    	0       
4  	20    	2.34333	0.505646	2      	4      	1.66005e+07	2.33714e+07	128556     	7.27765e+07	0        	0       	0    	0       
5  	20    	2.35667	0.4999  	2      	4      	1.56817e+07	2.46774e+07	128556     	7.27765e+07	0        	0       	0    	0       
6  	20    	3.01667	2.5529  	2      	13.9333	1.36974e+07	2.43582e+07	128556     	1.09485e+08	0.0466667	0.203415	0    	0.933333
7  	20    	3.16   	2.5185  	2      	13.9333	1.24923e+07	1.41045e+07	128556     	4.66498e+07	0.0466667	0.203415	0    	0.933333
8  	20    	3.61333	2.53934 	2.26667	13.9333	1.99478e+07	2.99187e+07	128556     	1.08165e+08	0.0566667	0.205778	0    	0.933333
9  	20    	3.88667	2.47459 	2.8    	13.9333	2.27303e+07	2.97566e+07	110636     	1.08165e+08	0.0566667	0.205778	0    	0.933333
10 	20    	3.91667	2.46242 	2.8    	13.9333	2.30762e+07	2.9524e+07 	110636     	1.08165e+08	0.0566667	0.205778	0    	0.933333
11 	20    	4.05333	2.46239 	3      	13.9333	3.05151e+07	3.37043e+07	150718     	1.08165e+08	0.0566667	0.205778	0    	0.933333
12 	20    	4.20333	2.45506 	3      	13.9333	2.48032e+07	2.93595e+07	83636.3    	9.06515e+07	0.0566667	0.205778	0    	0.933333
13 	20    	4.48   	2.41519 	3      	13.9333	5.67466e+07	1.03581e+08	83636.3    	4.47598e+08	0.0466667	0.203415	0    	0.933333
14 	20    	4.80667	2.34216 	3.06667	13.9333	5.98473e+07	1.04199e+08	83636.3    	4.47598e+08	0.0466667	0.203415	0    	0.933333
15 	20    	5.00667	2.28171 	3.13333	13.9333	3.32322e+07	5.01155e+07	150718     	1.89381e+08	0.0466667	0.203415	0    	0.933333
16 	20    	5.41   	2.35403 	3.53333	13.9333	1.96548e+07	2.08524e+07	150718     	7.71236e+07	0.0466667	0.203415	0    	0.933333
17 	20    	5.51667	2.29026 	4      	13.9333	2.03454e+07	2.04881e+07	150718     	7.71236e+07	0.0466667	0.203415	0    	0.933333
18 	20    	5.96   	2.23571 	4.13333	13.9333	2.77829e+07	3.14582e+07	248955     	1.32749e+08	0.0466667	0.203415	0    	0.933333
19 	20    	5.96333	2.23303 	4.2    	13.9333	2.82961e+07	3.10863e+07	1.05067e+06	1.32749e+08	0.0466667	0.203415	0    	0.933333
20 	20    	6.47   	2.26887 	4.53333	13.9333	2.27056e+07	1.97616e+07	1.05067e+06	7.71236e+07	0.0466667	0.203415	0    	0.933333
21 	20    	6.98667	2.35283 	4.73333	13.9333	2.98053e+07	2.2128e+07 	1.05067e+06	7.71236e+07	0.0466667	0.203415	0    	0.933333
22 	20    	7.78667	3.49524 	5.26667	19.4667	2.87367e+07	2.20643e+07	1.05067e+06	7.71236e+07	0.0966667	0.290192	0    	1       
23 	20    	9.61333	8.1491  	5.26667	41.8   	3.13531e+07	2.1726e+07 	2.70043e+06	7.71236e+07	0.146667 	0.349349	0    	1       
24 	20    	10.8033	9.05719 	5.33333	41.8   	3.35137e+07	2.11429e+07	2.70043e+06	7.71236e+07	0.193333 	0.386954	0    	1       
25 	20    	11.07  	8.92409 	5.4    	41.8   	2.78082e+07	1.60626e+07	2.70043e+06	5.46896e+07	0.193333 	0.386954	0    	1       
26 	20    	12.1367	9.40585 	5.86667	41.8   	2.85941e+07	1.56089e+07	2.70043e+06	5.46896e+07	0.21     	0.385443	0    	1       
27 	20    	12.2533	9.33499 	6      	41.8   	3.07122e+07	1.91668e+07	4.11054e+06	7.83003e+07	0.21     	0.385443	0    	1       
28 	20    	13.97  	11.0302 	6.13333	41.8   	3.24788e+07	1.95989e+07	4.11054e+06	7.83003e+07	0.26     	0.41841 	0    	1       
29 	20    	14.5667	10.9122 	6.26667	41.8   	3.71743e+07	2.49476e+07	4.11054e+06	1.07153e+08	0.273333 	0.414139	0    	1       
30 	20    	15.0233	10.7039 	6.66667	41.8   	3.86777e+07	2.41579e+07	8.79773e+06	1.07153e+08	0.323333 	0.43781 	0    	1       
31 	20    	16.6367	11.4885 	7.13333	41.8   	3.83997e+07	2.4184e+07 	8.79773e+06	1.07153e+08	0.373333 	0.454802	0    	1       
32 	20    	16.65  	11.4776 	7.4    	41.8   	3.71992e+07	2.49778e+07	8.79773e+06	1.07153e+08	0.373333 	0.454802	0    	1       