Random seed: 4498452790371733888
Start time: 2018-03-22 14:02:28.364996
End time: 2018-03-22 14:02:44.413208
Total GA time: 0:00:16.048212
Evaluations: 5
Current Population:
	individual: [1685, 3920, 4009, 0.094414, 0.037830314106986646, 147, 41, 151, 2], fitness: (5.0, 1253.595947, 0.0)
	individual: [1504, 123, 2263, 0.42330147802907436, 0.13613895032331197, 75, 180, 85, 3], fitness: (1.0, 1478.678955, 0.0)
gen	nevals	c-avg	c-std	c-min	c-max	p-avg  	p-std  	p-min  	p-max  	n-avg	n-std	n-min	n-max
0  	2     	1    	0    	1    	1    	394.686	175.78 	218.906	570.465	0    	0    	0    	0    
1  	1     	1    	0    	1    	1    	474.794	255.888	218.906	730.681	0    	0    	0    	0    
2  	1     	3    	2    	1    	5    	992.138	261.457	730.681	1253.6 	0    	0    	0    	0    
3  	1     	3    	2    	1    	5    	1366.14	112.542	1253.6 	1478.68	0    	0    	0    	0    