Random seed: 4066400847643176103
Start time: 2018-03-11 13:00:15.006590
End time: 2018-03-11 16:25:26.428053
Total GA time: 3:25:11.421463
Evaluations: 1000
Current Population:
	individual: [862, 3129, 1801, 0.3416720605314897, 0.01293025968873978, 994, 8, 68, 2], fitness: (5.866666666666666, 560.0320556666667, 0.26666666666666666)
	individual: [862, 3129, 1984, 0.3416720605314897, 0.01293025968873978, 1794, 8, 68, 2], fitness: (5.733333333333333, 499.53320306666666, 0.26666666666666666)
	individual: [862, 3129, 1801, 0.36433976820864383, 0.01293025968873978, 994, 8, 68, 2], fitness: (5.533333333333333, 598.4435384, 0.26666666666666666)
	individual: [862, 3129, 1984, 0.35191791669854133, 0.01293025968873978, 1766, 8, 68, 2], fitness: (5.466666666666667, 538.4834717333333, 0.26666666666666666)
	individual: [862, 3129, 1801, 0.3337273571679699, 0.01293025968873978, 1766, 8, 68, 2], fitness: (5.466666666666667, 522.7471272666667, 0.26666666666666666)
	individual: [862, 3798, 1984, 0.3416720605314897, 0.01293025968873978, 453, 15, 68, 19], fitness: (5.4, 437.705127, 0.26666666666666666)
	individual: [862, 3798, 1801, 0.3337273571679699, 0.01293025968873978, 863, 8, 68, 2], fitness: (5.333333333333333, 516.0063395333333, 0.26666666666666666)
	individual: [862, 3798, 1801, 0.3337273571679699, 0.01293025968873978, 1640, 8, 68, 19], fitness: (5.266666666666667, 536.4361979333333, 0.26666666666666666)
	individual: [3049, 3798, 3186, 0.1823379413100162, 0.02710929478925602, 225, 8, 68, 19], fitness: (5.266666666666667, 677.6576822666667, 0.26666666666666666)
	individual: [862, 3798, 1801, 0.3416720605314897, 0.01293025968873978, 2026, 8, 68, 2], fitness: (5.2, 539.316333, 0.26666666666666666)
	individual: [862, 3129, 1984, 0.3416720605314897, 0.01293025968873978, 836, 8, 68, 19], fitness: (5.2, 597.7695964, 0.26666666666666666)
	individual: [862, 3129, 1801, 0.3208911798648101, 0.02383387944168513, 884, 8, 68, 2], fitness: (5.2, 696.0785318666666, 0.26666666666666666)
	individual: [862, 3798, 1801, 0.3416720605314897, 0.01293025968873978, 941, 8, 68, 19], fitness: (5.133333333333334, 502.13987626666665, 0.26666666666666666)
	individual: [862, 3129, 1801, 0.3337273571679699, 0.026703663750987507, 863, 8, 68, 2], fitness: (5.0, 705.0689371999999, 0.2)
	individual: [3049, 3798, 3186, 0.1823379413100162, 0.02710929478925602, 250, 8, 68, 19], fitness: (4.933333333333334, 715.1090006666668, 0.26666666666666666)
	individual: [862, 437, 1801, 0.17469546234828814, 0.042441034689492604, 305, 8, 68, 20], fitness: (4.933333333333334, 541.869987, 0.26666666666666666)
	individual: [862, 3798, 1984, 0.36743342580782745, 0.01293025968873978, 941, 8, 68, 20], fitness: (4.866666666666666, 596.316455, 0.2)
	individual: [862, 3798, 1801, 0.3337273571679699, 0.025094831040675752, 453, 8, 68, 19], fitness: (4.8, 654.9598470000001, 0.13333333333333333)
	individual: [862, 3129, 1801, 0.3337273571679699, 0.01293025968873978, 452, 17, 68, 2], fitness: (4.733333333333333, 424.36999513333336, 0.26666666666666666)
	individual: [862, 3129, 1984, 0.3208911798648101, 0.02383387944168513, 452, 8, 68, 2], fitness: (4.733333333333333, 579.6647460666667, 0.13333333333333333)
gen	nevals	c-avg   	c-std   	c-min   	c-max   	p-avg  	p-std  	p-min  	p-max  	n-avg    	n-std    	n-min    	n-max   
0  	20    	0.306667	0.095219	0.266667	0.533333	173.695	206.635	17.1106	994.6  	0        	0        	0        	0       
1  	20    	0.343333	0.117898	0.266667	0.533333	348.356	376.407	41.8503	1730.96	0        	0        	0        	0       
2  	20    	0.406667	0.150407	0.266667	0.8     	478.042	387.965	18.5617	1439.31	0        	0        	0        	0       
3  	20    	0.673333	0.536201	0.333333	2.93333 	309.207	321.789	17.5306	1162.58	0.0133333	0.0581187	0        	0.266667
4  	20    	1.16    	1.30765 	0.533333	5.26667 	352.887	302.873	17.5306	1162.58	0.04     	0.095219 	0        	0.266667
5  	20    	1.22667 	1.28882 	0.533333	5.26667 	337.896	326.814	15.8097	1162.58	0.04     	0.095219 	0        	0.266667
6  	20    	1.29    	1.25915 	0.533333	5.26667 	302.864	310.258	24.1394	1162.58	0.04     	0.095219 	0        	0.266667
7  	20    	1.54333 	1.30916 	0.8     	5.26667 	424.349	1001.41	7.31627	4726.32	0.0466667	0.0968389	0        	0.266667
8  	20    	1.67667 	1.3277  	0.8     	5.26667 	265.874	198.92 	7.31627	741.435	0.06     	0.10729  	0        	0.266667
9  	20    	1.72333 	1.30831 	0.8     	5.26667 	295.518	223.26 	7.31627	741.435	0.06     	0.10729  	0        	0.266667
10 	20    	1.83667 	1.32153 	0.8     	5.26667 	287.112	239.059	7.31627	741.435	0.0733333	0.115277 	0        	0.266667
11 	20    	2.17667 	1.40938 	0.8     	5.26667 	498.977	565.465	7.31627	2631.11	0.0966667	0.121974 	0        	0.266667
12 	20    	2.17667 	1.40938 	0.8     	5.26667 	415.406	346.209	7.31627	1316.01	0.0966667	0.121974 	0        	0.266667
13 	20    	2.49    	1.34218 	0.8     	5.26667 	403.155	294.959	7.31627	1130.8 	0.123333 	0.126973 	0        	0.266667
14 	20    	3.47667 	1.20098 	1.6     	5.46667 	662.558	406.076	60.3412	2039.91	0.186667 	0.10873  	0        	0.266667
15 	20    	3.60667 	1.05744 	2       	5.46667 	657.008	260.949	60.3412	1171.06	0.216667 	0.0866025	0        	0.266667
16 	20    	3.84    	0.910043	2.4     	5.46667 	632.018	240.613	60.3412	1130.8 	0.22     	0.0896908	0        	0.266667
17 	20    	3.87333 	0.867922	2.6     	5.46667 	644.427	238.213	60.3412	1130.8 	0.233333 	0.0745356	0        	0.266667
18 	20    	3.91333 	0.825725	2.66667 	5.46667 	610.236	214.151	60.3412	1021.12	0.226667 	0.0827312	0        	0.266667
19 	20    	4.06333 	0.740713	3.06667 	5.46667 	700.065	277.758	60.3412	1301.52	0.233333 	0.0745356	0        	0.266667
20 	20    	4.1     	0.707892	3.06667 	5.46667 	702.631	277.585	60.3412	1301.52	0.233333 	0.0745356	0        	0.266667
21 	20    	4.20333 	0.616252	3.26667 	5.46667 	692.311	289.614	60.3412	1361.95	0.223333 	0.0823947	0        	0.266667
22 	20    	4.3     	0.538516	3.4     	5.46667 	718.019	221.685	410.64 	1058.51	0.233333 	0.0649786	0.0666667	0.266667
23 	20    	4.44333 	0.482252	3.8     	5.46667 	746.956	202.59 	458.481	1058.51	0.23     	0.0648931	0.0666667	0.266667
24 	20    	4.47667 	0.459118	3.86667 	5.46667 	743.812	203.651	458.481	1058.51	0.23     	0.0648931	0.0666667	0.266667
25 	20    	4.53333 	0.422164	4       	5.46667 	765.479	196.986	458.481	1058.51	0.24     	0.0533333	0.0666667	0.266667
26 	20    	4.55    	0.40709 	4       	5.46667 	794.803	231.687	458.481	1261.28	0.246667 	0.0520683	0.0666667	0.266667
27 	20    	4.62667 	0.387814	4.2     	5.46667 	733.607	221.809	436.261	1098.9 	0.243333 	0.0528099	0.0666667	0.266667
28 	20    	4.62667 	0.387814	4.2     	5.46667 	733.607	221.809	436.261	1098.9 	0.243333 	0.0528099	0.0666667	0.266667
29 	20    	4.64    	0.377359	4.2     	5.46667 	732.168	223.675	429.706	1098.9 	0.24     	0.0533333	0.0666667	0.266667
30 	20    	4.7     	0.397492	4.2     	5.46667 	702.997	222.127	429.706	1098.9 	0.24     	0.0533333	0.0666667	0.266667
31 	20    	4.7     	0.397492	4.2     	5.46667 	702.997	222.127	429.706	1098.9 	0.24     	0.0533333	0.0666667	0.266667
32 	20    	4.76333 	0.413374	4.26667 	5.46667 	703.718	221.568	429.706	1098.9 	0.243333 	0.0528099	0.0666667	0.266667
33 	20    	4.79667 	0.384982	4.33333 	5.46667 	643.025	188.857	429.706	1098.9 	0.243333 	0.0528099	0.0666667	0.266667
34 	20    	4.81    	0.37314 	4.33333 	5.46667 	610.121	161.98 	429.706	989.636	0.233333 	0.0649786	0.0666667	0.266667
35 	20    	4.86667 	0.365756	4.46667 	5.46667 	634.418	174.624	429.706	989.636	0.243333 	0.0528099	0.0666667	0.266667
36 	20    	4.93667 	0.413374	4.46667 	5.86667 	612.938	154.918	429.706	955.591	0.243333 	0.0528099	0.0666667	0.266667
37 	20    	4.93667 	0.413374	4.46667 	5.86667 	612.938	154.918	429.706	955.591	0.243333 	0.0528099	0.0666667	0.266667
38 	20    	4.93667 	0.413374	4.46667 	5.86667 	612.938	154.918	429.706	955.591	0.243333 	0.0528099	0.0666667	0.266667
39 	20    	4.93667 	0.413374	4.46667 	5.86667 	612.938	154.918	429.706	955.591	0.243333 	0.0528099	0.0666667	0.266667
40 	20    	4.93667 	0.413374	4.46667 	5.86667 	612.938	154.918	429.706	955.591	0.243333 	0.0528099	0.0666667	0.266667
41 	20    	4.97333 	0.402437	4.46667 	5.86667 	610.556	154.767	429.706	955.591	0.243333 	0.0528099	0.0666667	0.266667
42 	20    	5.05333 	0.400333	4.53333 	5.86667 	624.982	145.963	437.705	955.591	0.243333 	0.0568624	0.0666667	0.266667
43 	20    	5.09667 	0.37087 	4.6     	5.86667 	598.094	131.085	424.37 	914.472	0.243333 	0.0568624	0.0666667	0.266667
44 	20    	5.09667 	0.37087 	4.6     	5.86667 	598.094	131.085	424.37 	914.472	0.243333 	0.0568624	0.0666667	0.266667
45 	20    	5.11    	0.35732 	4.6     	5.86667 	582.187	109.204	424.37 	846.133	0.24     	0.0573488	0.0666667	0.266667
46 	20    	5.11    	0.35732 	4.6     	5.86667 	582.187	109.204	424.37 	846.133	0.24     	0.0573488	0.0666667	0.266667
47 	20    	5.16    	0.322766	4.66667 	5.86667 	584.37 	101.258	424.37 	846.133	0.246667 	0.0426875	0.133333 	0.266667
48 	20    	5.16    	0.322766	4.66667 	5.86667 	584.37 	101.258	424.37 	846.133	0.246667 	0.0426875	0.133333 	0.266667
49 	20    	5.20333 	0.311609	4.73333 	5.86667 	571.985	81.7534	424.37 	715.109	0.246667 	0.0426875	0.133333 	0.266667