Random seed: 7615059649182077092
Start time: 2018-01-19 13:18:08.470738
End time: 2018-01-19 14:35:40.699006
Total GA time: 1:17:32.228268
Evaluations: 1000
Current Population:
	individual: [48, 2907, 2901, 0.38900059564857004, 0.029543, 531, 5, 55, 158], fitness: (23.0, 4032.883057, 1.0)
	individual: [396, 1117, 3312, 0.1499813280779585, 0.029543, 204, 5, 81, 371], fitness: (15.0, 3584.407959, 1.0)
	individual: [3147, 72, 4813, 0.134254, 0.060972, 26, 44, 72, 91], fitness: (15.0, 1104.463013, 1.0)
	individual: [396, 1117, 3312, 0.1499813280779585, 0.001374, 108, 49, 81, 371], fitness: (13.0, 1041.041016, 1.0)
	individual: [713, 2385, 2901, 0.093256, 0.022875, 93, 42, 125, 223], fitness: (10.0, 935.554016, 1.0)
	individual: [1931, 1547, 198, 0.28337167775197747, 0.029543, 149, 5, 1, 4], fitness: (10.0, 1759.706055, 1.0)
	individual: [713, 2131, 2901, 0.093256, 0.03758, 165, 42, 125, 33], fitness: (10.0, 1660.151001, 1.0)
	individual: [4566, 1503, 4868, 0.195639, 0.02336, 147, 10, 35, 86], fitness: (9.0, 2522.964111, 0.0)
	individual: [557, 2385, 3023, 0.45472908383039295, 0.012861751909236578, 191, 33, 38, 134], fitness: (5.0, 1829.723022, 0.0)
	individual: [1573, 4803, 3198, 0.133142, 0.0029345679322349714, 133, 118, 55, 83], fitness: (5.0, 2365.590088, 0.0)
	individual: [409, 1882, 3052, 0.249462, 0.080203, 185, 23, 53, 269], fitness: (5.0, 614.10199, 0.0)
	individual: [557, 974, 4120, 0.202368, 0.006997, 105, 157, 44, 457], fitness: (5.0, 4713.992188, 0.0)
	individual: [164, 2385, 4813, 0.23986209651886853, 0.022875, 51, 44, 72, 223], fitness: (5.0, 641.182983, 0.0)
	individual: [1573, 4803, 3198, 0.133142, 0.001586, 133, 118, 55, 83], fitness: (5.0, 1473.652954, 0.0)
	individual: [1731, 3036, 4895, 0.083025, 0.228621, 151, 19, 130, 766], fitness: (4.0, 4638.403809, 0.0)
	individual: [377, 1424, 1058, 0.109312, 0.36145415467761555, 99, 67, 38, 259], fitness: (4.0, 2030.270996, 0.0)
	individual: [226, 887, 3110, 0.222396, 0.198199, 160, 35, 193, 711], fitness: (4.0, 155.514008, 0.0)
	individual: [1966, 149, 3554, 0.244573, 0.017679, 3, 19, 5, 502], fitness: (4.0, 106.209999, 0.0)
	individual: [210, 716, 4025, 0.099479, 0.14528606053745513, 128, 29, 182, 465], fitness: (4.0, 661.198975, 0.0)
	individual: [1114, 1117, 3312, 0.021671, 0.053325, 173, 49, 137, 63], fitness: (4.0, 1688.293945, 0.0)
	individual: [654, 181, 4054, 0.045795, 0.209503, 155, 37, 132, 437], fitness: (4.0, 3350.816895, 0.0)
	individual: [396, 2415, 445, 0.090868, 0.001374, 108, 62, 81, 371], fitness: (4.0, 229.425995, 0.0)
	individual: [1114, 1117, 3312, 0.1499813280779585, 0.10084334488225798, 173, 25, 137, 63], fitness: (4.0, 2674.649902, 0.0)
	individual: [2467, 706, 2335, 0.076679, 0.142744, 159, 13, 15, 0], fitness: (4.0, 15968.055664, 0.0)
	individual: [118, 1117, 2355, 0.21183335064774422, 0.3882207150729195, 261, 49, 6, 158], fitness: (3.0, 706.112976, 0.0)
	individual: [69, 216, 3312, 0.14810340424029428, 0.10335077954539937, 262, 603, 137, 63], fitness: (3.0, 5673.34082, 0.0)
	individual: [15, 980, 4541, 0.086974, 0.03205718456677239, 267, 188, 14, 755], fitness: (3.0, 21779.175781, 0.0)
	individual: [48, 4003, 4521, 0.36385275735469896, 0.055448, 314, 133, 125, 172], fitness: (3.0, 6081.85791, 0.0)
	individual: [184, 980, 2824, 0.086974, 0.017284, 267, 401, 14, 755], fitness: (3.0, 16908.447266, 0.0)
	individual: [48, 2385, 4054, 0.7163430389754457, 0.08890158708790924, 275, 81, 38, 371], fitness: (3.0, 1030.01001, 0.0)
	individual: [48, 2385, 3312, 0.7163430389754457, 0.05002542153448747, 624, 18, 38, 371], fitness: (3.0, 484.93399, 0.0)
	individual: [48, 2907, 2901, 0.196735, 0.055448, 299, 264, 55, 158], fitness: (3.0, 4218.414063, 0.0)
	individual: [396, 1876, 884, 0.355318166969143, 0.238697, 317, 18, 21, 202], fitness: (3.0, 397.859985, 0.0)
	individual: [562, 3554, 3180, 0.170206, 0.061744, 219, 139, 74, 18], fitness: (3.0, 2559.7771, 0.0)
	individual: [396, 1117, 3312, 0.32530442584177816, 0.029543, 624, 10, 81, 371], fitness: (3.0, 460.04599, 0.0)
	individual: [808, 1876, 1971, 0.355318166969143, 0.00619, 135, 82, 175, 438], fitness: (3.0, 561.757019, 0.0)
	individual: [1931, 2839, 3052, 0.17464243154834475, 0.048537, 341, 10, 30, 304], fitness: (3.0, 1192.514038, 0.0)
	individual: [118, 1117, 4868, 0.21183335064774422, 0.17411191481698174, 481, 49, 137, 63], fitness: (3.0, 240.636002, 0.0)
	individual: [4406, 1919, 3144, 0.200399, 0.115616, 186, 14, 3, 699], fitness: (3.0, 7529.680176, 0.0)
	individual: [36, 1876, 2950, 0.355318166969143, 0.00619, 138, 37, 1, 304], fitness: (3.0, 27838.826172, 0.0)
	individual: [1116, 1779, 3217, 0.109312, 0.15731467165697283, 199, 50, 1, 642], fitness: (3.0, 3124.168945, 0.0)
	individual: [562, 2385, 4595, 0.210125, 0.1908744539491331, 99, 67, 38, 259], fitness: (3.0, 1250.083984, 0.0)
	individual: [355, 1519, 3551, 0.28376765676138327, 0.00062, 72, 164, 149, 695], fitness: (3.0, 978.197998, 0.0)
	individual: [99, 149, 3554, 0.244573, 0.031199843042674084, 15, 98, 5, 431], fitness: (3.0, 3323.636963, 0.0)
	individual: [562, 759, 3180, 0.210103, 0.024174, 637, 62, 74, 492], fitness: (3.0, 2057.846924, 0.0)
	individual: [560, 2573, 3245, 0.3088880919080047, 0.076605, 155, 42, 143, 688], fitness: (3.0, 862.159973, 0.0)
	individual: [4558, 2907, 2355, 0.4696564488225247, 0.021444, 261, 87, 6, 158], fitness: (3.0, 1627.150024, 0.0)
	individual: [1862, 1570, 4609, 0.3505008267587401, 0.063078, 140, 40, 103, 86], fitness: (3.0, 448.56601, 0.0)
	individual: [562, 1424, 4521, 0.2296276938255734, 0.029662, 142, 23, 144, 180], fitness: (3.0, 200.485001, 0.0)
	individual: [15, 1658, 4541, 0.32187627151591053, 0.153847, 153, 87, 109, 663], fitness: (3.0, 2415.260986, 0.0)
	individual: [138, 4556, 3198, 0.5732319543088698, 0.021444, 959, 87, 153, 620], fitness: (3.0, 4095.071045, 0.0)
	individual: [164, 2385, 2108, 0.210125, 0.022875, 406, 43, 38, 242], fitness: (3.0, 1505.503052, 0.0)
	individual: [164, 2218, 4868, 0.210125, 0.09335979729624433, 140, 40, 38, 438], fitness: (3.0, 798.557983, 0.0)
	individual: [1862, 1503, 2108, 0.195639, 0.04777584957796375, 51, 37, 38, 438], fitness: (3.0, 159.796005, 0.0)
	individual: [154, 1864, 2029, 0.3600318700174238, 0.126918, 84, 42, 177, 545], fitness: (3.0, 208.102005, 0.0)
	individual: [240, 698, 1837, 0.226345, 0.016943, 195, 367, 134, 653], fitness: (3.0, 2875.006104, 0.0)
	individual: [802, 4696, 1308, 0.4657241893125036, 0.040315, 239, 137, 6, 44], fitness: (3.0, 2381.790039, 0.0)
	individual: [1862, 1503, 4868, 0.195639, 0.02336, 147, 175, 101, 86], fitness: (3.0, 1837.534058, 0.0)
	individual: [1114, 1117, 3312, 0.14810340424029428, 0.2575783094649605, 370, 23, 137, 63], fitness: (3.0, 221.916, 0.0)
	individual: [164, 2385, 2108, 0.210125, 0.011679616917326585, 51, 37, 38, 438], fitness: (3.0, 1000.169006, 1.0)
	individual: [99, 4386, 4241, 0.19170115836556478, 0.0745425908601064, 27, 213, 49, 431], fitness: (3.0, 808.815002, 0.0)
	individual: [567, 585, 2387, 0.045933, 0.027627, 33, 194, 187, 633], fitness: (3.0, 147.759995, 0.0)
	individual: [69, 216, 2097, 0.127757, 0.10335077954539937, 262, 325, 41, 634], fitness: (3.0, 1625.238037, 0.0)
	individual: [562, 1117, 4188, 0.210103, 0.002688085190130314, 303, 96, 168, 371], fitness: (3.0, 1852.828003, 0.0)
	individual: [138, 4556, 2355, 0.26478255867414113, 0.021444, 261, 87, 153, 620], fitness: (3.0, 1341.876953, 0.0)
	individual: [2018, 1188, 4246, 0.45489341565276703, 0.18034, 86, 4, 72, 614], fitness: (3.0, 37.473, 0.0)
	individual: [409, 1570, 4609, 0.103595, 0.1548824586795715, 185, 23, 103, 89], fitness: (3.0, 483.602997, 0.0)
	individual: [1931, 1882, 198, 0.48997834405034696, 0.029543, 149, 5, 53, 4], fitness: (3.0, 38.391998, 0.0)
	individual: [730, 2839, 1941, 0.17464243154834475, 0.048537, 163, 88, 30, 592], fitness: (3.0, 905.906006, 0.0)
	individual: [1931, 2710, 3052, 0.20947667842488232, 0.0836774150543665, 293, 10, 179, 304], fitness: (3.0, 243.052002, 0.0)
	individual: [2444, 4503, 2904, 0.15047804875804208, 0.032638, 93, 67, 0, 572], fitness: (3.0, 37303.808594, 0.0)
	individual: [48, 2385, 3023, 0.210125, 0.05002542153448747, 190, 18, 38, 134], fitness: (3.0, 1165.197998, 0.0)
	individual: [1114, 4803, 3198, 0.2632638359268146, 0.001586, 173, 49, 137, 63], fitness: (3.0, 417.153992, 0.0)
	individual: [164, 2947, 2108, 0.35544972994043633, 0.05011046186489701, 95, 38, 38, 223], fitness: (3.0, 375.907013, 0.0)
	individual: [164, 1566, 1558, 0.161206, 0.023303, 300, 88, 82, 242], fitness: (3.0, 742.593018, 0.0)
	individual: [36, 1876, 561, 0.355318166969143, 0.00619, 72, 37, 175, 438], fitness: (3.0, 65.369003, 0.0)
	individual: [3459, 759, 3180, 0.01338207320342592, 0.024174, 213, 33, 74, 492], fitness: (3.0, 2131.503906, 0.0)
	individual: [1759, 1503, 3574, 0.14925, 0.02336, 78, 175, 135, 484], fitness: (3.0, 969.961975, 0.0)
	individual: [99, 4386, 4241, 0.3119442056957289, 0.170946, 15, 98, 49, 431], fitness: (3.0, 317.334015, 0.0)
	individual: [164, 2385, 1558, 0.210125, 0.022875, 193, 43, 38, 242], fitness: (3.0, 787.948975, 0.0)
	individual: [1573, 2907, 3198, 0.133142, 0.001586, 514, 118, 55, 158], fitness: (3.0, 2388.989014, 0.0)
	individual: [48, 2131, 2901, 0.196735, 0.055448, 299, 20, 125, 304], fitness: (3.0, 821.859985, 0.0)
	individual: [915, 820, 4188, 0.210103, 0.4441337895055189, 161, 16, 26, 361], fitness: (3.0, 687.539001, 0.0)
	individual: [35, 2918, 1771, 0.3202646664217077, 0.22302985053208513, 131, 128, 165, 383], fitness: (3.0, 890.598022, 0.0)
	individual: [562, 820, 1308, 0.34944998673325367, 0.08547410689080459, 300, 289, 168, 216], fitness: (3.0, 2343.919922, 0.0)
	individual: [49, 354, 1708, 0.207803, 0.115869, 42, 358, 165, 316], fitness: (3.0, 622.041992, 0.0)
	individual: [118, 302, 4868, 0.21183335064774422, 0.087626, 267, 174, 125, 86], fitness: (3.0, 4533.955078, 0.0)
	individual: [1931, 1547, 2950, 0.061414, 0.029543, 108, 5, 1, 304], fitness: (3.0, 10035.926758, 0.0)
	individual: [2013, 4019, 3312, 0.3285968244198163, 0.053927, 173, 35, 78, 289], fitness: (3.0, 987.703003, 0.0)
	individual: [290, 3554, 2411, 0.170206, 0.061744, 117, 139, 30, 18], fitness: (3.0, 966.656006, 0.0)
	individual: [118, 302, 943, 0.11461, 0.087626, 127, 97, 125, 271], fitness: (3.0, 150.255997, 0.0)
	individual: [2282, 1898, 4763, 0.226902, 0.030943425033091165, 104, 64, 2, 172], fitness: (3.0, 972.424988, 0.0)
	individual: [2282, 1898, 4763, 0.226902, 0.021962190733233078, 104, 110, 43, 258], fitness: (3.0, 951.616028, 0.0)
	individual: [562, 2009, 4595, 0.25287202364943345, 0.1908744539491331, 114, 67, 100, 259], fitness: (3.0, 1080.291992, 0.0)
	individual: [48, 3554, 3023, 0.196735, 0.061744, 190, 18, 30, 134], fitness: (3.0, 2921.170898, 0.0)
	individual: [458, 3228, 2411, 0.224915, 0.09298, 64, 75, 87, 249], fitness: (3.0, 451.296997, 0.0)
	individual: [4025, 107, 3378, 0.114471, 0.012897, 107, 72, 85, 239], fitness: (3.0, 1031.493042, 0.0)
	individual: [164, 2385, 2108, 0.210125, 0.022875, 51, 290, 38, 223], fitness: (3.0, 1253.843018, 0.0)
	individual: [562, 820, 4188, 0.210103, 0.029662, 161, 230, 168, 216], fitness: (3.0, 3203.447021, 0.0)
	individual: [808, 3962, 1971, 0.226298, 0.001446, 300, 82, 7, 209], fitness: (3.0, 4646.579102, 0.0)
gen	nevals	c-avg	c-std  	c-min	c-max	p-avg  	p-std  	p-min 	p-max  	n-avg	n-std   	n-min	n-max
0  	100   	1.53 	1.76893	1    	15   	786.859	1669.89	5.019 	15968.1	0.03 	0.170587	0    	1    
1  	10    	1.53 	1.76893	1    	15   	823.852	1671.87	5.019 	15968.1	0.03 	0.170587	0    	1    
2  	10    	1.58 	1.77865	1    	15   	898.007	1714.13	5.019 	15968.1	0.03 	0.170587	0    	1    
3  	10    	1.58 	1.77865	1    	15   	917.14 	1718.66	5.019 	15968.1	0.03 	0.170587	0    	1    
4  	10    	1.6  	1.78326	1    	15   	921.167	1707.42	5.019 	15968.1	0.03 	0.170587	0    	1    
5  	10    	1.61 	1.78267	1    	15   	1021.39	2123.88	66.618	15968.1	0.03 	0.170587	0    	1    
6  	10    	1.61 	1.78267	1    	15   	1027.34	2131.46	52.647	15968.1	0.03 	0.170587	0    	1    
7  	10    	1.62 	1.78202	1    	15   	1024.75	2137.77	18.063	15968.1	0.03 	0.170587	0    	1    
8  	10    	1.68 	1.78818	1    	15   	1176.33	2329.21	18.063	15968.1	0.03 	0.170587	0    	1    
9  	10    	1.7  	1.78606	1    	15   	1179.04	2361.8 	18.063	15968.1	0.03 	0.170587	0    	1    
10 	10    	1.72 	1.7893 	1    	15   	1427.55	3145.94	18.063	21901  	0.03 	0.170587	0    	1    
11 	10    	1.74 	1.79232	1    	15   	1460.87	3137.07	18.063	21901  	0.03 	0.170587	0    	1    
12 	10    	1.75 	1.79095	1    	15   	1547.25	3196.69	18.063	21901  	0.03 	0.170587	0    	1    
13 	10    	1.76 	1.78953	1    	15   	1594.04	3190.22	18.063	21901  	0.03 	0.170587	0    	1    
14 	10    	1.78 	1.79209	1    	15   	1605.42	3180.68	18.063	21901  	0.03 	0.170587	0    	1    
15 	10    	1.82 	1.79655	1    	15   	1612.65	3199.38	13.414	21901  	0.03 	0.170587	0    	1    
16 	10    	1.85 	1.79652	1    	15   	1619.47	3182.49	13.414	21901  	0.03 	0.170587	0    	1    
17 	10    	1.87 	1.79808	1    	15   	1545.25	3180.36	13.414	21901  	0.03 	0.170587	0    	1    
18 	10    	1.87 	1.79808	1    	15   	1547.28	3189.14	13.414	21901  	0.03 	0.170587	0    	1    
19 	10    	1.9  	1.79722	1    	15   	1757.91	3869.19	13.414	23504.5	0.03 	0.170587	0    	1    
20 	10    	1.95 	1.79652	1    	15   	1783.91	3872.22	13.414	23504.5	0.04 	0.195959	0    	1    
21 	10    	1.95 	1.79652	1    	15   	1815.68	3881.81	13.414	23504.5	0.04 	0.195959	0    	1    
22 	10    	1.99 	1.79719	1    	15   	1820.98	3879.22	13.414	23504.5	0.04 	0.195959	0    	1    
23 	10    	2.06 	1.78785	1    	15   	1789.75	3880.55	13.414	23504.5	0.04 	0.195959	0    	1    
24 	10    	2.07 	1.78468	1    	15   	1813.94	3881.36	13.414	23504.5	0.04 	0.195959	0    	1    
25 	10    	2.11 	1.78267	1    	15   	1851.19	3874.31	13.414	23504.5	0.04 	0.195959	0    	1    
26 	10    	2.12 	1.77921	1    	15   	1835.46	3857.68	13.414	23504.5	0.04 	0.195959	0    	1    
27 	10    	2.15 	1.77412	1    	15   	1965.45	3933.75	13.414	23504.5	0.04 	0.195959	0    	1    
28 	10    	2.17 	1.76666	1    	15   	2250.05	4565.64	13.414	25436.2	0.04 	0.195959	0    	1    
29 	10    	2.21 	1.76236	1    	15   	2235.56	4576.58	13.414	25436.2	0.04 	0.195959	0    	1    
30 	10    	2.21 	1.76236	1    	15   	2295.84	4572.97	13.414	25436.2	0.04 	0.195959	0    	1    
31 	10    	2.24 	1.76703	1    	15   	2278.36	4579.66	13.414	25436.2	0.04 	0.195959	0    	1    
32 	10    	2.26 	1.75852	1    	15   	2251.74	4587.12	13.414	25436.2	0.04 	0.195959	0    	1    
33 	10    	2.26 	1.75852	1    	15   	2293.16	4577.54	13.414	25436.2	0.04 	0.195959	0    	1    
34 	10    	2.27 	1.75417	1    	15   	2307.98	4593.73	13.414	25436.2	0.04 	0.195959	0    	1    
35 	10    	2.29 	1.74525	1    	15   	2322.4 	4600.43	13.414	25436.2	0.05 	0.217945	0    	1    
36 	10    	2.35 	1.73421	1    	15   	2521.97	4864.75	13.414	25436.2	0.05 	0.217945	0    	1    
37 	10    	2.39 	1.72566	1    	15   	2532.56	4857.37	13.414	25436.2	0.05 	0.217945	0    	1    
38 	10    	2.4  	1.72047	1    	15   	2529.78	4850.98	13.414	25436.2	0.05 	0.217945	0    	1    
39 	10    	2.43 	1.71029	1    	15   	2579.52	4882.36	13.414	25436.2	0.06 	0.237487	0    	1    
40 	10    	2.45 	1.70514	1    	15   	2569.6 	4885.72	13.414	25436.2	0.06 	0.237487	0    	1    
41 	10    	2.47 	1.69974	1    	15   	2591.7 	4881.24	13.414	25436.2	0.06 	0.237487	0    	1    
42 	10    	2.51 	1.7117 	1    	15   	2599.31	4881.68	3.699 	25436.2	0.06 	0.237487	0    	1    
43 	10    	2.52 	1.70575	1    	15   	2609.43	4878.12	3.699 	25436.2	0.06 	0.237487	0    	1    
44 	10    	2.56 	1.69304	1    	15   	2608.43	4877.86	3.68  	25436.2	0.06 	0.237487	0    	1    
45 	10    	2.61 	1.67866	1    	15   	2608.1 	4882.59	3.68  	25436.2	0.06 	0.237487	0    	1    
46 	10    	2.62 	1.672  	1    	15   	2659.04	4873.25	13.414	25436.2	0.06 	0.237487	0    	1    
47 	10    	2.72 	1.65578	1    	15   	2782.52	4855.7 	13.414	25436.2	0.07 	0.255147	0    	1    
48 	10    	2.77 	1.63618	1    	15   	2767.04	4864.81	13.414	25436.2	0.07 	0.255147	0    	1    
49 	10    	2.84 	1.61691	2    	15   	2776.02	4861.61	13.414	25436.2	0.08 	0.271293	0    	1    
50 	10    	2.85 	1.61478	2    	15   	2867.93	4934.46	13.414	25436.2	0.08 	0.271293	0    	1    
51 	10    	2.87 	1.61031	2    	15   	3065.84	5374.21	13.414	25436.2	0.07 	0.255147	0    	1    
52 	10    	2.9  	1.62173	2    	15   	3083.99	5368.75	13.414	25436.2	0.07 	0.255147	0    	1    
53 	10    	3    	1.76635	2    	15   	2918.49	5267.57	13.414	25436.2	0.08 	0.271293	0    	1    
54 	10    	3    	1.76635	2    	15   	2918.72	5267.45	13.414	25436.2	0.08 	0.271293	0    	1    
55 	10    	3    	1.76635	2    	15   	2918.72	5267.45	13.414	25436.2	0.08 	0.271293	0    	1    
56 	10    	3.01 	1.76349	2    	15   	2894.36	5275.56	13.414	25436.2	0.08 	0.271293	0    	1    
57 	10    	3.01 	1.76349	2    	15   	2882.44	5280.4 	13.414	25436.2	0.08 	0.271293	0    	1    
58 	10    	3.01 	1.76349	2    	15   	2823.74	5255.27	13.414	25436.2	0.08 	0.271293	0    	1    
59 	10    	3.03 	1.75758	2    	15   	3318.4 	8665.17	13.414	74898.1	0.08 	0.271293	0    	1    
60 	10    	3.04 	1.75454	2    	15   	3328.95	8662.37	13.414	74898.1	0.07 	0.255147	0    	1    
61 	10    	3.05 	1.75143	2    	15   	3717.54	9286.69	13.414	74898.1	0.07 	0.255147	0    	1    
62 	10    	3.16 	2.00858	2    	15   	3724.16	9283.25	13.414	74898.1	0.09 	0.286182	0    	1    
63 	10    	3.17 	2.00527	2    	15   	3472.45	9028.89	13.414	74898.1	0.09 	0.286182	0    	1    
64 	10    	3.19 	1.99847	2    	15   	4065.56	11086.8	13.414	74898.1	0.08 	0.271293	0    	1    
65 	10    	3.19 	1.99847	2    	15   	4065.56	11086.8	13.414	74898.1	0.08 	0.271293	0    	1    
66 	10    	3.2  	1.99499	2    	15   	4084.41	11081.8	13.414	74898.1	0.08 	0.271293	0    	1    
67 	10    	3.34 	2.30747	2    	15   	5047.53	16089.8	13.414	122003 	0.08 	0.271293	0    	1    
68 	10    	3.36 	2.30009	2    	15   	5078.97	16081.6	13.414	122003 	0.08 	0.271293	0    	1    
69 	10    	3.39 	2.28865	2    	15   	5014.43	16091.6	13.414	122003 	0.07 	0.255147	0    	1    
70 	10    	3.48 	2.37268	2    	15   	5001.51	16093.4	13.414	122003 	0.09 	0.286182	0    	1    
71 	10    	3.5  	2.36432	2    	15   	5047.65	16087.2	13.414	122003 	0.08 	0.271293	0    	1    
72 	10    	3.53 	2.3514 	2    	15   	4744.38	15959.3	13.414	122003 	0.08 	0.271293	0    	1    
73 	10    	3.54 	2.347  	2    	15   	4747.73	15958.3	13.414	122003 	0.08 	0.271293	0    	1    
74 	10    	3.59 	2.3242 	2    	15   	4045.87	14322.4	13.414	122003 	0.07 	0.255147	0    	1    
75 	10    	3.6  	2.31948	2    	15   	4047.49	14322  	13.414	122003 	0.07 	0.255147	0    	1    
76 	10    	3.61 	2.31471	2    	15   	4063.02	14318.5	13.414	122003 	0.07 	0.255147	0    	1    
77 	10    	3.69 	2.36514	2    	15   	3395.52	12795.1	13.414	122003 	0.07 	0.255147	0    	1    
78 	10    	3.73 	2.34459	2    	15   	2224.44	4644.43	13.414	37303.8	0.07 	0.255147	0    	1    
79 	10    	3.76 	2.3286 	2    	15   	2548.57	5307.75	13.414	37303.8	0.07 	0.255147	0    	1    
80 	10    	3.78 	2.31767	3    	15   	2481.63	5302.69	13.414	37303.8	0.07 	0.255147	0    	1    
81 	10    	3.79 	2.31644	3    	15   	2495.51	5301.29	13.414	37303.8	0.07 	0.255147	0    	1    
82 	10    	3.79 	2.31644	3    	15   	2494.93	5301.52	13.414	37303.8	0.07 	0.255147	0    	1    
83 	10    	3.79 	2.31644	3    	15   	2494.93	5301.52	13.414	37303.8	0.07 	0.255147	0    	1    
84 	10    	3.79 	2.31644	3    	15   	2494.93	5301.52	13.414	37303.8	0.07 	0.255147	0    	1    
85 	10    	3.8  	2.31517	3    	15   	2545.73	5297.29	13.414	37303.8	0.07 	0.255147	0    	1    
86 	10    	3.82 	2.31681	3    	15   	2556.57	5293.94	13.414	37303.8	0.07 	0.255147	0    	1    
87 	10    	3.82 	2.31681	3    	15   	2778.8 	5483.25	13.414	37303.8	0.07 	0.255147	0    	1    
88 	10    	3.82 	2.31681	3    	15   	2778.8 	5483.25	13.414	37303.8	0.07 	0.255147	0    	1    
89 	10    	4.03 	2.99818	3    	23   	2754.06	5428.72	13.414	37303.8	0.08 	0.271293	0    	1    
90 	10    	4.03 	2.99818	3    	23   	2815.2 	5427.41	37.473	37303.8	0.08 	0.271293	0    	1    