Random seed: 4852820575761820901
Start time: 2018-03-30 09:44:25.447961
End time: 2018-04-01 13:30:49.126598
Total GA time: 2 days, 3:46:23.678637
Evaluations: 41273
Current Population:
	individual: [1341, 961, 922, 0.4053600833933767, 0.02630293349689833, 338, 8, 38, 1445], fitness: (54.25, 539.61774425, 1.0)
	individual: [1341, 58, 922, 0.4053600833933767, 0.029944371230845562, 338, 8, 38, 1445], fitness: (51.0, 821.71475225, 1.0)
	individual: [1341, 961, 922, 0.4053600833933767, 0.014905819635005604, 338, 8, 38, 1445], fitness: (50.25, 543.3132475, 1.0)
	individual: [1341, 961, 922, 0.4053600833933767, 0.02635950754546246, 338, 8, 38, 1445], fitness: (49.75, 492.6700055, 1.0)
	individual: [1341, 961, 922, 0.4053600833933767, 0.03089710222629069, 338, 8, 38, 1445], fitness: (49.5, 587.84825125, 1.0)
	individual: [1341, 961, 922, 0.4053600833933767, 0.027244759259495432, 338, 8, 38, 1445], fitness: (49.5, 584.996002, 1.0)
	individual: [1341, 961, 922, 0.4053600833933767, 0.028242587688855663, 338, 8, 38, 1445], fitness: (49.25, 605.0664975, 1.0)
	individual: [1341, 961, 922, 0.4053600833933767, 0.026918011081767466, 338, 8, 38, 1445], fitness: (49.0, 544.79774475, 1.0)
	individual: [1341, 961, 922, 0.4053600833933767, 0.02634140369150672, 338, 8, 38, 1445], fitness: (48.75, 524.85000625, 1.0)
	individual: [1341, 58, 922, 0.4053600833933767, 0.03028276659537546, 338, 8, 38, 1445], fitness: (48.75, 820.01574725, 1.0)
	individual: [1341, 58, 922, 0.4053600833933767, 0.02780526664241141, 338, 8, 38, 1445], fitness: (48.75, 836.28949, 1.0)
	individual: [1341, 961, 922, 0.4053600833933767, 0.026247049280554595, 338, 8, 38, 1445], fitness: (48.5, 523.42150125, 1.0)
	individual: [1341, 961, 922, 0.4053600833933767, 0.02934073992381866, 338, 8, 38, 1445], fitness: (47.75, 632.8497464999999, 1.0)
	individual: [1341, 961, 922, 0.4053600833933767, 0.03287402549146222, 338, 8, 38, 1445], fitness: (47.5, 645.38726825, 1.0)
	individual: [1341, 58, 922, 0.4053600833933767, 0.03264337460837782, 338, 8, 38, 1445], fitness: (47.25, 822.804001, 1.0)
	individual: [1341, 961, 922, 0.4053600833933767, 0.030935913068872112, 338, 8, 38, 1445], fitness: (47.25, 646.881256, 1.0)
	individual: [1341, 58, 922, 0.4053600833933767, 0.027665681342088064, 338, 8, 38, 1445], fitness: (47.25, 834.90000925, 1.0)
	individual: [1341, 58, 922, 0.4053600833933767, 0.02662495001216472, 338, 8, 38, 1445], fitness: (47.25, 884.61650075, 1.0)
	individual: [1341, 961, 922, 0.4053600833933767, 0.02817274813841191, 338, 8, 38, 1445], fitness: (47.0, 515.78849025, 1.0)
	individual: [1341, 58, 922, 0.4053600833933767, 0.03220348481007396, 338, 8, 38, 1445], fitness: (47.0, 822.6660002499999, 1.0)
