Random seed: 1615357405336315479
Evaluations: 1000
Current Population:
	individual: [333, 4076, 4300, 23.226980891348106, 0.052624114244218034, 129, 7, 21, 4], fitness: (79.46666666666667, 8485578.333333334, 1.0)
	individual: [333, 4076, 4300, 6.353559450854873, 0.052624114244218034, 129, 7, 21, 4], fitness: (79.4, 8471954.4, 1.0)
	individual: [333, 4076, 4300, 15.556016958847122, 0.052624114244218034, 129, 7, 21, 4], fitness: (79.26666666666667, 8458247.066666666, 1.0)
	individual: [333, 4076, 4300, 110.94766295584151, 0.052624114244218034, 129, 7, 21, 4], fitness: (79.06666666666666, 8363382.533333333, 1.0)
	individual: [333, 4076, 4300, 89.73200845870726, 0.052624114244218034, 129, 7, 21, 4], fitness: (79.06666666666666, 8495688.333333334, 1.0)
	individual: [333, 4076, 4300, 35.443985177098526, 0.052624114244218034, 129, 7, 21, 4], fitness: (79.06666666666666, 8429732.666666666, 1.0)
	individual: [333, 4076, 4300, 1.5612700610086439, 0.052624114244218034, 129, 7, 21, 4], fitness: (79.06666666666666, 8378097.6, 1.0)
	individual: [333, 4076, 4300, 1.5652745931357614, 0.052624114244218034, 129, 7, 21, 4], fitness: (79.06666666666666, 8483725.0, 1.0)
	individual: [333, 4076, 4300, 2.980659383597117, 0.052624114244218034, 129, 7, 21, 4], fitness: (79.0, 8435231.866666667, 1.0)
	individual: [333, 4076, 4300, 49.73744818110838, 0.052624114244218034, 129, 7, 21, 4], fitness: (78.93333333333334, 8482958.4, 1.0)
	individual: [333, 4076, 4300, 3.379087548350092, 0.052624114244218034, 129, 7, 21, 4], fitness: (78.93333333333334, 8377559.0, 1.0)
	individual: [333, 4076, 4300, 8.968106408549298, 0.052624114244218034, 129, 7, 21, 4], fitness: (78.93333333333334, 8506576.066666666, 1.0)
	individual: [333, 4076, 4300, 42.57490192783608, 0.052624114244218034, 129, 7, 21, 4], fitness: (78.86666666666666, 8489502.6, 1.0)
	individual: [333, 4076, 4300, 7.570358938913126, 0.052624114244218034, 129, 7, 21, 4], fitness: (78.86666666666666, 8564576.6, 1.0)
	individual: [333, 4076, 4300, 5.99431298798026, 0.052624114244218034, 129, 7, 21, 4], fitness: (78.86666666666666, 8457584.8, 1.0)
	individual: [333, 4076, 4300, 2.928972686099557, 0.052624114244218034, 129, 7, 21, 4], fitness: (78.86666666666666, 8492709.333333334, 1.0)
	individual: [333, 4076, 4300, 6.250963980196107, 0.052624114244218034, 129, 7, 21, 4], fitness: (78.8, 8580911.666666666, 1.0)
	individual: [333, 4076, 4300, 31.93642393706252, 0.052624114244218034, 129, 7, 21, 4], fitness: (78.8, 8445324.933333334, 1.0)
	individual: [333, 4076, 4300, 6.973721233595036, 0.052624114244218034, 129, 7, 21, 4], fitness: (78.8, 8408060.4, 1.0)
	individual: [333, 4076, 4300, 45.49939936459347, 0.052624114244218034, 129, 7, 21, 4], fitness: (78.8, 8352850.266666667, 1.0)
gen	nevals	c-avg  	c-std   	c-min   	c-max  	p-avg      	p-std      	p-min      	p-max      	n-avg    	n-std    	n-min   	n-max   
0  	20    	1.97667	2.90878 	0       	8.93333	8.42011e+06	1.82751e+07	856861     	8.6796e+07 	0.0566667	0.218352 	0       	1       
1  	20    	4.62   	4.44463 	0.933333	20.1333	1.81698e+07	3.90097e+07	160284     	1.68254e+08	0.0133333	0.04     	0       	0.133333
2  	20    	5.33   	4.00563 	2.06667 	20.1333	1.84928e+07	3.8816e+07 	622567     	1.68254e+08	0.0133333	0.04     	0       	0.133333
3  	20    	5.91   	3.90807 	3       	20.1333	2.52572e+07	4.37663e+07	1.15801e+06	1.68254e+08	0.0133333	0.04     	0       	0.133333
4  	20    	6.17   	3.76123 	3.2     	20.1333	2.40475e+07	4.39841e+07	2.08458e+06	1.68254e+08	0.0133333	0.04     	0       	0.133333
5  	20    	7.12   	3.48684 	4       	20.1333	2.49182e+07	4.36941e+07	1.32795e+06	1.68254e+08	0.0133333	0.04     	0       	0.133333
6  	20    	7.70333	3.41815 	4.46667 	20.1333	2.39824e+07	4.40469e+07	2.08458e+06	1.68254e+08	0.0133333	0.04     	0       	0.133333
7  	20    	7.96333	3.23807 	5       	20.1333	2.4665e+07 	4.37649e+07	2.08458e+06	1.68254e+08	0.0133333	0.04     	0       	0.133333
8  	20    	8.89333	3.08065 	6       	20.1333	2.51871e+07	4.36972e+07	1.23053e+06	1.68254e+08	0.0166667	0.0414997	0       	0.133333
9  	20    	9.04   	2.9828  	7       	20.1333	2.82363e+07	4.29352e+07	1.23053e+06	1.68254e+08	0.0166667	0.0414997	0       	0.133333
10 	20    	9.14667	2.92655 	7       	20.1333	2.98445e+07	4.28732e+07	1.23053e+06	1.68254e+08	0.0166667	0.0414997	0       	0.133333
11 	20    	9.24667	2.88537 	7       	20.1333	3.02843e+07	4.27224e+07	1.23053e+06	1.68254e+08	0.0166667	0.0414997	0       	0.133333
12 	20    	12.8333	14.3534 	7.93333 	74.2667	2.94634e+07	4.2696e+07 	1.23053e+06	1.68254e+08	0.0666667	0.218072 	0       	1       
13 	20    	16.4167	19.6894 	8.13333 	75.6667	3.14878e+07	4.31054e+07	1.23053e+06	1.68254e+08	0.116667 	0.297303 	0       	1       
14 	20    	16.5867	19.6244 	8.93333 	75.6667	1.7626e+07 	1.51386e+07	1.23053e+06	5.17615e+07	0.11     	0.298347 	0       	1       
15 	20    	16.59  	19.6231 	9       	75.6667	1.9657e+07 	1.62193e+07	1.23053e+06	5.17615e+07	0.11     	0.298347 	0       	1       
16 	20    	16.59  	19.6231 	9       	75.6667	2.46087e+07	2.38321e+07	1.23053e+06	9.65686e+07	0.11     	0.298347 	0       	1       
17 	20    	16.59  	19.6231 	9       	75.6667	2.77921e+07	2.64307e+07	1.23053e+06	9.65686e+07	0.11     	0.298347 	0       	1       
18 	20    	16.59  	19.6231 	9       	75.6667	2.93404e+07	3.03321e+07	1.23053e+06	9.65686e+07	0.11     	0.298347 	0       	1       
19 	20    	16.59  	19.6231 	9       	75.6667	3.48673e+07	4.28138e+07	1.23053e+06	1.66338e+08	0.11     	0.298347 	0       	1       
20 	20    	16.59  	19.6231 	9       	75.6667	3.77985e+07	4.38943e+07	1.23053e+06	1.66338e+08	0.11     	0.298347 	0       	1       
21 	20    	16.59  	19.6231 	9       	75.6667	4.16768e+07	5.35454e+07	1.23053e+06	1.84984e+08	0.11     	0.298347 	0       	1       
22 	20    	20.76  	22.3234 	9       	75.6667	3.33442e+07	4.59416e+07	1.23053e+06	1.84984e+08	0.163333 	0.337622 	0       	1       
23 	20    	27.4767	27.3354 	9       	79.0667	2.87683e+07	4.29326e+07	1.23053e+06	1.84984e+08	0.263333 	0.413911 	0       	1       
24 	20    	36.43  	30.0453 	9       	79.0667	2.41539e+07	3.99088e+07	1.23053e+06	1.71264e+08	0.376667 	0.449827 	0       	1       
25 	20    	49.9467	25.2427 	10.1333 	79.0667	6.11247e+06	2.4978e+06 	1.23053e+06	9.80351e+06	0.526667 	0.41628  	0       	1       
26 	20    	60.4267	17.2926 	29.2667 	79.0667	6.72725e+06	1.921e+06  	1.55879e+06	8.48372e+06	0.656667 	0.359799 	0.133333	1       
27 	20    	68.6033	12.1223 	46.7333 	79.0667	7.68834e+06	908173     	5.17827e+06	8.55936e+06	0.806667 	0.287441 	0.133333	1       
28 	20    	74.7733	5.93863 	60.6    	79.0667	7.99055e+06	849186     	5.17827e+06	8.55936e+06	0.95     	0.109291 	0.6     	1       
29 	20    	76.0567	4.11584 	64.8667 	79.0667	8.13876e+06	560723     	6.56844e+06	8.55936e+06	0.963333 	0.0930352	0.666667	1       
30 	20    	78.0433	1.13495 	74.2667 	79.0667	8.32648e+06	323547     	7.14775e+06	8.50925e+06	1        	0        	1       	1       
31 	20    	78.2633	0.738911	75.6667 	79.0667	8.39301e+06	178713     	7.6303e+06 	8.50925e+06	1        	0        	1       	1       
32 	20    	78.4033	0.437404	77.3333 	79.0667	8.43055e+06	38067.8    	8.37701e+06	8.50925e+06	1        	0        	1       	1       
33 	20    	78.45  	0.358934	77.9333 	79.0667	8.43052e+06	37364.6    	8.37701e+06	8.50925e+06	1        	0        	1       	1       
34 	20    	78.45  	0.358934	77.9333 	79.0667	8.43052e+06	37364.6    	8.37701e+06	8.50925e+06	1        	0        	1       	1       
35 	20    	78.6033	0.417652	78.0667 	79.4667	8.43734e+06	39374.4    	8.37608e+06	8.50925e+06	1        	0        	1       	1       
36 	20    	78.6933	0.370825	78.2    	79.4667	8.44754e+06	46825.4    	8.37608e+06	8.52451e+06	1        	0        	1       	1       
37 	20    	78.74  	0.32721 	78.2667 	79.4667	8.44841e+06	47169      	8.37014e+06	8.52451e+06	1        	0        	1       	1       
38 	20    	78.7733	0.310841	78.3333 	79.4667	8.44588e+06	49488.3    	8.37014e+06	8.52451e+06	1        	0        	1       	1       
39 	20    	78.78  	0.302655	78.3333 	79.4667	8.43451e+06	58846.9    	8.28194e+06	8.52451e+06	1        	0        	1       	1       
40 	20    	78.8233	0.269382	78.4667 	79.4667	8.42782e+06	56342.4    	8.28194e+06	8.50658e+06	1        	0        	1       	1       
41 	20    	78.8233	0.269382	78.4667 	79.4667	8.42782e+06	56342.4    	8.28194e+06	8.50658e+06	1        	0        	1       	1       
42 	20    	78.8767	0.229274	78.6    	79.4667	8.45004e+06	53813.2    	8.35285e+06	8.58091e+06	1        	0        	1       	1       
43 	20    	78.89  	0.220378	78.6    	79.4667	8.4517e+06 	53510.6    	8.35285e+06	8.58091e+06	1        	0        	1       	1       
44 	20    	78.9133	0.213021	78.6    	79.4667	8.44927e+06	53349.8    	8.35285e+06	8.58091e+06	1        	0        	1       	1       
45 	20    	78.9367	0.202731	78.6667 	79.4667	8.45268e+06	54022.1    	8.35285e+06	8.58091e+06	1        	0        	1       	1       
46 	20    	78.95  	0.193075	78.7333 	79.4667	8.45292e+06	54143.1    	8.35285e+06	8.58091e+06	1        	0        	1       	1       
47 	20    	78.98  	0.195619	78.8    	79.4667	8.46408e+06	56072.8    	8.35285e+06	8.58091e+06	1        	0        	1       	1       
48 	20    	78.98  	0.195619	78.8    	79.4667	8.46408e+06	56072.8    	8.35285e+06	8.58091e+06	1        	0        	1       	1       
49 	20    	78.9967	0.189121	78.8    	79.4667	8.45801e+06	59799.4    	8.35285e+06	8.58091e+06	1        	0        	1       	1       