Evaluations: 1000
individual: [1240, 2023, 2243, 0.14528298480274804, 0.01387243795104473, 54, 84, 64, 12], fitness: (50.266666666666666, 4248170.066666666, 0.6)
individual: [1240, 2023, 2243, 0.12799419831825265, 0.01387243795104473, 54, 84, 64, 12], fitness: (46.666666666666664, 3635892.466666667, 0.6)
individual: [1240, 2023, 2243, 0.13830060091933366, 0.01387243795104473, 54, 84, 64, 12], fitness: (44.333333333333336, 3810076.0, 0.4666666666666667)
individual: [1240, 2023, 2243, 0.07266827523244046, 0.01387243795104473, 54, 84, 64, 12], fitness: (42.53333333333333, 1403814.6666666667, 1.0)
individual: [1240, 2023, 2243, 0.136532704116186, 0.01387243795104473, 54, 84, 64, 12], fitness: (40.93333333333333, 3406606.4, 0.6)
individual: [386, 1745, 2048, 0.13018519971742398, 0.09222382062602291, 156, 19, 69, 0], fitness: (37.333333333333336, 4253955.533333333, 0.8666666666666667)
individual: [1240, 2023, 2243, 0.1482824539366881, 0.01387243795104473, 54, 84, 64, 12], fitness: (37.13333333333333, 3739051.0, 0.2)
individual: [386, 1745, 2048, 0.2288012485061563, 0.09222382062602291, 156, 10, 69, 0], fitness: (35.266666666666666, 9083719.733333332, 0.8)
individual: [386, 1745, 2048, 0.13018519971742398, 0.09222382062602291, 345, 10, 69, 0], fitness: (34.666666666666664, 13707439.2, 0.8666666666666667)
individual: [386, 1745, 2048, 0.13018519971742398, 0.09222382062602291, 349, 10, 69, 0], fitness: (34.06666666666667, 14221456.866666667, 1.0)
individual: [386, 1745, 2048, 0.13018519971742398, 0.09222382062602291, 156, 20, 69, 0], fitness: (34.0, 4875296.8, 0.6666666666666666)
individual: [386, 1745, 2048, 0.2333003792699006, 0.09222382062602291, 156, 10, 69, 0], fitness: (33.2, 8764829.333333334, 0.6)
individual: [1240, 2023, 2243, 0.07266827523244046, 0.026321846604963738, 54, 84, 64, 12], fitness: (32.86666666666667, 1067695.2, 0.8666666666666667)
individual: [386, 1745, 2048, 0.13018519971742398, 0.09222382062602291, 282, 10, 69, 0], fitness: (31.6, 12182151.2, 1.0)
individual: [386, 1745, 2048, 0.13018519971742398, 0.09222382062602291, 156, 22, 69, 0], fitness: (31.533333333333335, 5239135.4, 0.5333333333333333)
individual: [386, 1745, 2048, 0.13018519971742398, 0.09222382062602291, 312, 10, 69, 0], fitness: (31.2, 13361892.6, 0.6666666666666666)
individual: [386, 1745, 2048, 0.13018519971742398, 0.09222382062602291, 156, 19, 69, 0], fitness: (31.066666666666666, 5222717.533333333, 0.5333333333333333)
individual: [1240, 2023, 2243, 0.07266827523244046, 0.027183686328887006, 54, 84, 64, 12], fitness: (30.4, 1253913.6666666667, 0.8)
individual: [386, 1745, 2048, 0.13018519971742398, 0.09222382062602291, 156, 21, 69, 0], fitness: (30.266666666666666, 5813149.0, 0.4)
individual: [1240, 2023, 2243, 0.1338466348806679, 0.01387243795104473, 54, 84, 64, 12], fitness: (29.6, 3088996.8, 0.4)
gen	nevals	c-avg  	c-std  	c-min  	c-max  	p-avg      	p-std      	p-min      	p-max      	n-avg   	n-std   	n-min    	n-max
0  	20    	4.57333	10.1179	0      	42.5333	3.95078e+06	2.44025e+06	609501     	8.29634e+06	0.1     	0.3     	0        	1    
1  	20    	5.70667	9.74473	1      	42.5333	4.53834e+06	2.93211e+06	609501     	1.0876e+07 	0.1     	0.3     	0        	1    
2  	20    	6.79667	9.63534	2      	42.5333	4.56778e+06	2.89851e+06	609501     	1.0876e+07 	0.1     	0.3     	0        	1    
3  	20    	11.9433	12.8056	2.8    	42.5333	6.16343e+06	3.73842e+06	1.0677e+06 	1.70423e+07	0.203333	0.369068	0        	1    
4  	20    	13.35  	12.1648	3      	42.5333	6.80276e+06	4.73364e+06	872247     	1.70423e+07	0.21    	0.36653 	0        	1    
5  	20    	14.2233	11.6445	3.66667	42.5333	5.36366e+06	3.41689e+06	872247     	1.36788e+07	0.21    	0.36653 	0        	1    
6  	20    	16.4433	10.5015	6.66667	42.5333	4.53031e+06	2.99853e+06	685797     	1.0876e+07 	0.213333	0.364905	0        	1    
7  	20    	16.9333	10.1867	6.93333	42.5333	5.03923e+06	3.76812e+06	685797     	1.36779e+07	0.213333	0.364905	0        	1    
8  	20    	17.7367	9.57463	7.86667	42.5333	4.27392e+06	3.39359e+06	685797     	1.36779e+07	0.213333	0.364905	0        	1    
9  	20    	19.7967	9.58674	10     	42.5333	4.30677e+06	3.53129e+06	685797     	1.46961e+07	0.26    	0.369925	0        	1    
10 	20    	19.87  	9.51631	10.9333	42.5333	4.73114e+06	3.35425e+06	685797     	1.46961e+07	0.26    	0.369925	0        	1    
11 	20    	21.03  	9.4456 	11.2667	42.5333	4.56328e+06	3.45679e+06	685797     	1.46961e+07	0.286667	0.369444	0        	1    
12 	20    	21.1   	9.37793	11.9333	42.5333	4.38647e+06	3.4861e+06 	685797     	1.46961e+07	0.286667	0.369444	0        	1    
13 	20    	21.1   	9.37793	11.9333	42.5333	4.38647e+06	3.4861e+06 	685797     	1.46961e+07	0.286667	0.369444	0        	1    
14 	20    	22.1633	9.48335	11.9333	42.5333	4.79042e+06	3.50193e+06	948921     	1.46961e+07	0.316667	0.369309	0        	1    
15 	20    	22.4933	9.17919	12.6667	42.5333	5.02455e+06	3.40071e+06	948921     	1.46961e+07	0.323333	0.364097	0        	1    
16 	20    	22.4933	9.17919	12.6667	42.5333	5.02455e+06	3.40071e+06	948921     	1.46961e+07	0.323333	0.364097	0        	1    
17 	20    	22.86  	8.9222 	13.3333	42.5333	5.09066e+06	3.35639e+06	948921     	1.46961e+07	0.326667	0.361417	0        	1    
18 	20    	23.82  	8.59623	14     	42.5333	5.55245e+06	3.7209e+06 	948921     	1.46961e+07	0.363333	0.363608	0        	1    
19 	20    	24.94  	8.42591	14.6667	42.5333	5.93408e+06	3.51336e+06	1.06272e+06	1.46961e+07	0.396667	0.359305	0        	1    
20 	20    	24.94  	8.42591	14.6667	42.5333	5.93408e+06	3.51336e+06	1.06272e+06	1.46961e+07	0.396667	0.359305	0        	1    
21 	20    	26.8667	7.88208	15.6667	42.5333	6.6339e+06 	3.68223e+06	1.0677e+06 	1.46961e+07	0.456667	0.358562	0        	1    
22 	20    	26.8667	7.88208	15.6667	42.5333	6.6339e+06 	3.68223e+06	1.0677e+06 	1.46961e+07	0.456667	0.358562	0        	1    
23 	20    	27.1733	7.55279	16.6667	42.5333	6.71138e+06	3.67149e+06	1.0677e+06 	1.46961e+07	0.456667	0.358562	0        	1    
24 	20    	28.95  	7.00428	16.8   	42.5333	7.09106e+06	3.76281e+06	1.0677e+06 	1.46961e+07	0.55    	0.349523	0        	1    
25 	20    	28.9967	6.92584	16.9333	42.5333	7.19356e+06	3.71835e+06	1.0677e+06 	1.46961e+07	0.556667	0.340114	0        	1    
26 	20    	33.22  	6.07897	21.8   	46.6667	7.28902e+06	4.24907e+06	1.0677e+06 	1.54022e+07	0.633333	0.261194	0.0666667	1    
27 	20    	33.22  	6.07897	21.8   	46.6667	7.28902e+06	4.24907e+06	1.0677e+06 	1.54022e+07	0.633333	0.261194	0.0666667	1    
28 	20    	33.61  	5.56203	23.6   	46.6667	7.0966e+06 	4.34665e+06	1.0677e+06 	1.54022e+07	0.65    	0.23369 	0.2      	1    
29 	20    	33.61  	5.56203	23.6   	46.6667	7.0966e+06 	4.34665e+06	1.0677e+06 	1.54022e+07	0.65    	0.23369 	0.2      	1    
30 	20    	34.25  	4.96914	29     	46.6667	7.32606e+06	4.45872e+06	1.0677e+06 	1.46961e+07	0.656667	0.232164	0.2      	1    
31 	20    	34.25  	4.96914	29     	46.6667	7.32606e+06	4.45872e+06	1.0677e+06 	1.46961e+07	0.656667	0.232164	0.2      	1    
32 	20    	34.25  	4.96914	29     	46.6667	7.32606e+06	4.45872e+06	1.0677e+06 	1.46961e+07	0.656667	0.232164	0.2      	1    
33 	20    	34.25  	4.96914	29     	46.6667	7.32606e+06	4.45872e+06	1.0677e+06 	1.46961e+07	0.656667	0.232164	0.2      	1    
34 	20    	34.25  	4.96914	29     	46.6667	7.32606e+06	4.45872e+06	1.0677e+06 	1.46961e+07	0.656667	0.232164	0.2      	1    
35 	20    	34.25  	4.96914	29     	46.6667	7.32606e+06	4.45872e+06	1.0677e+06 	1.46961e+07	0.656667	0.232164	0.2      	1    
36 	20    	34.25  	4.96914	29     	46.6667	7.32606e+06	4.45872e+06	1.0677e+06 	1.46961e+07	0.656667	0.232164	0.2      	1    
37 	20    	34.25  	4.96914	29     	46.6667	7.32606e+06	4.45872e+06	1.0677e+06 	1.46961e+07	0.656667	0.232164	0.2      	1    
38 	20    	34.25  	4.96914	29     	46.6667	7.32606e+06	4.45872e+06	1.0677e+06 	1.46961e+07	0.656667	0.232164	0.2      	1    
39 	20    	35.3133	5.91695	29.2667	50.2667	6.80366e+06	4.16714e+06	1.0677e+06 	1.42215e+07	0.653333	0.232475	0.2      	1    
40 	20    	35.3133	5.91695	29.2667	50.2667	6.80366e+06	4.16714e+06	1.0677e+06 	1.42215e+07	0.653333	0.232475	0.2      	1    
41 	20    	35.3133	5.91695	29.2667	50.2667	6.80366e+06	4.16714e+06	1.0677e+06 	1.42215e+07	0.653333	0.232475	0.2      	1    
42 	20    	35.3133	5.91695	29.2667	50.2667	6.80366e+06	4.16714e+06	1.0677e+06 	1.42215e+07	0.653333	0.232475	0.2      	1    
43 	20    	35.37  	5.86396	29.4   	50.2667	6.58585e+06	4.33433e+06	1.0677e+06 	1.42215e+07	0.68    	0.216641	0.2      	1    
44 	20    	35.37  	5.86396	29.4   	50.2667	6.58585e+06	4.33433e+06	1.0677e+06 	1.42215e+07	0.68    	0.216641	0.2      	1    
45 	20    	35.37  	5.86396	29.4   	50.2667	6.58585e+06	4.33433e+06	1.0677e+06 	1.42215e+07	0.68    	0.216641	0.2      	1    
46 	20    	35.37  	5.86396	29.4   	50.2667	6.58585e+06	4.33433e+06	1.0677e+06 	1.42215e+07	0.68    	0.216641	0.2      	1    
47 	20    	35.37  	5.86396	29.4   	50.2667	6.58585e+06	4.33433e+06	1.0677e+06 	1.42215e+07	0.68    	0.216641	0.2      	1    
48 	20    	35.9467	5.8154 	29.6   	50.2667	6.119e+06  	4.14463e+06	1.0677e+06 	1.42215e+07	0.673333	0.216949	0.2      	1    
49 	20    	35.9467	5.8154 	29.6   	50.2667	6.119e+06  	4.14463e+06	1.0677e+06 	1.42215e+07	0.673333	0.216949	0.2      	1    